----------------
Record performed: 03.03.2023 16:57:30
X Channel Name: SG384
Comments: DC211 with MF ph600 WL 680
Time Constant: 1
Field step: 0,5
Sweep count: 2
MHz/mA V V
SG384
----------------
----------------
----------------
----------------
----------------
----------------
----------------
----------------
----------------
----------------
----------------
----------------
----------------
----------------
----------------
----------------
----------------
----------------
---------------------------------------------------------
Frequency, MHz         	Channel1         	Channel2
---------------------------------------------------------
2730  	-8.52351E-06  	-1.96696E-06  	
2730.5  	-5.18563E-06  	-7.21221E-06  	
2731  	-2.205385E-06  	8.34469E-07  	
2731.5  	-4.94721E-06  	-6.61616E-06  	
2732  	-1.293424E-05  	-4.11274E-06  	
2732.5  	-1.424555E-05  	-6.07971E-06  	
2733  	-7.331403E-06  	-1.251706E-06  	
2733.5  	-1.615295E-05  	3.93392E-06  	
2734  	-1.525893E-05  	1.49012E-06  	
2734.5  	-4.64918E-06  	-2.02657E-06  	
2735  	-1.19211E-06  	-2.98025E-06  	
2735.5  	-7.03339E-06  	3.5763E-07  	
2736  	-9.4176E-06  	2.98025E-06  	
2736.5  	-1.132496E-05  	-1.90736E-06  	
2737  	-2.44977E-05  	3.93392E-06  	
2737.5  	-1.484165E-05  	9.5368E-07  	
2738  	-8.76192E-06  	1.84775E-06  	
2738.5  	-2.16366E-05  	-1.1921E-06  	
2739  	-1.9014E-05  	8.34468E-06  	
2739.5  	-2.449767E-05  	1.43052E-05  	
2740  	-2.54513E-05  	9.29837E-06  	
2740.5  	-2.56898E-05  	6.37773E-06  	
2741  	-3.23059E-05  	-2.20539E-06  	
2741.5  	-3.86837E-05  	1.1921E-07  	
2742  	-3.61802E-05  	3.21866E-06  	
2742.5  	-5.09026E-05  	1.12057051E-05  	
2743  	-6.16316E-05  	1.764303E-05  	
2743.5  	-6.23468E-05  	8.76192E-06  	
2744  	-8.10032E-05  	1.031166E-05  	
2744.5  	-9.73944E-05  	1.603373E-05  	
2745  	-9.86461E-05  	8.106291E-06  	
2745.5  	-0.0001108651  	1.96696E-05  	
2746  	-0.0001362572  	2.3544E-05  	
2746.5  	-0.0001577148  	1.454362E-05  	
2747  	-0.0001908546  	1.96696E-05  	
2747.5  	-0.000237526  	2.509369E-05  	
2748  	-0.000273229  	3.38557E-05  	
2748.5  	-0.000317397  	3.18887E-05  	
2749  	-0.000349345  	3.54053E-05  	
2749.5  	-0.000340583  	3.06966E-05  	
2750  	-0.000365379  	2.78355E-05  	
2750.5  	-0.000382783  	2.753748E-05  	
2751  	-0.000382843  	2.26499E-05  	
2751.5  	-0.000373186  	2.199431E-05  	
2752  	-0.000356855  	2.598782E-05  	
2752.5  	-0.000346961  	1.436478E-05  	
2753  	-0.000321867  	1.955041E-05  	
2753.5  	-0.000285747  	1.806024E-05  	
2754  	-0.000243129  	1.722588E-05  	
2754.5  	-0.0002030739  	1.943123E-05  	
2755  	-0.0001716623  	2.20538E-05  	
2755.5  	-0.0001376877  	6.31814E-06  	
2756  	-0.0001086001  	1.627218E-05  	
2756.5  	-9.43546E-05  	5.78168E-06  	
2757  	-7.64732E-05  	3.33787E-06  	
2757.5  	-6.62212E-05  	2.503406E-06  	
2758  	-7.34334E-05  	1.43053E-06  	
2758.5  	-6.38966E-05  	1.55569E-05  	
2759  	-5.02469E-05  	9.71562E-06  	
2759.5  	-4.52401E-05  	1.561651E-05  	
2760  	-3.48689E-05  	-4.7684E-06  	
2760.5  	-1.53781E-05  	-6.43734E-06  	
2761  	-1.537809E-05  	-7.093E-06  	
2761.5  	-2.65242E-05  	-2.503405E-06  	
2762  	-2.69415E-05  	5.36446E-06  	
2762.5  	-1.55569E-05  	1.138456E-05  	
2763  	-1.412634E-05  	6.91418E-06  	
2763.5  	2.205386E-06  	2.3842E-06  	
2764  	6.5565E-07  	-2.44379E-06  	
2764.5  	-1.108652E-05  	-5.30483E-06  	
2765  	-1.060968E-05  	-1.06693E-05  	
2765.5  	-5.18565E-06  	-7.093E-06  	
2766  	-2.4438E-06  	2.324594E-06  	
2766.5  	-1.13249E-06  	2.80145E-06  	
2767  	1.78814E-06  	6.13932E-06  	
2767.5  	-3.27827E-06  	1.370914E-06  	
2768  	-1.436481E-05  	-1.1921E-07  	
2768.5  	-2.51532E-05  	-5.9605E-07  	
2769  	-2.115979E-05  	-1.144417E-05  	
2769.5  	-1.668942E-05  	-8.82153E-06  	
2770  	-1.269588E-05  	-7.7486E-07  	
2770.5  	-2.157704E-05  	-2.3842E-07  	
2771  	-2.76567E-05  	7.1526E-06  	
2771.5  	-1.72258E-05  	8.344709E-06  	
2772  	-1.382837E-05  	-1.31131E-06  	
2772.5  	-2.56303E-06  	-1.25171E-06  	
2773  	-1.388793E-05  	-1.132494E-05  	
2773.5  	-1.204022E-05  	-6.55655E-06  	
2774  	-1.281511E-05  	-7.68904E-06  	
2774.5  	-9.47718E-06  	-4.17234E-06  	
2775  	-1.013283E-05  	9.53675E-07  	
2775.5  	-1.752381E-05  	-1.204021E-05  	
2776  	-2.13385E-05  	-4.76839E-06  	
2776.5  	-9.5369E-07  	1.132494E-05  	
2777  	-5.66247E-06  	2.21731E-05  	
2777.5  	-1.007326E-05  	1.096731E-05  	
2778  	-4.351165E-06  	6.61616E-06  	
2778.5  	-5.24524E-06  	5.12603E-06  	
2779  	-1.674899E-05  	-1.78817E-06  	
2779.5  	-1.853712E-05  	1.728549E-06  	
2780  	-1.519929E-05  	2.026565E-06  	
2780.5  	-3.57631E-06  	1.1921E-07  	
2781  	-5.12599E-06  	2.741835E-06  	
2781.5  	-1.525892E-05  	1.430516E-06  	
2782  	-1.633179E-05  	-2.086174E-06  	
2782.5  	-1.126535E-05  	1.341115E-05  	
2783  	-1.788151E-05  	1.370915E-05  	
2783.5  	-3.03986E-05  	1.841791E-05  	
2784  	-2.77163E-05  	1.770266E-05  	
2784.5  	-2.867E-05  	1.460319E-05  	
2785  	-3.11735E-05  	1.794106E-05  	
2785.5  	-4.72071E-05  	-3.09947E-06  	
2786  	-5.2512E-05  	-1.78815E-07  	
2786.5  	-6.41945E-05  	-8.04667E-06  	
2787  	-5.21543E-05  	-9.65601E-06  	
2787.5  	-6.78902E-05  	-9.536804E-06  	
2788  	-7.42081E-05  	1.90736E-06  	
2788.5  	-9.22684E-05  	1.30535E-05  	
2789  	-0.0001313696  	1.955045E-05  	
2789.5  	-0.0001452574  	2.145779E-06  	
2790  	-0.000161768  	4.52998E-06  	
2790.5  	-0.0001752982  	1.621259E-05  	
2791  	-0.000222803  	1.543772E-05  	
2791.5  	-0.000270786  	2.038492E-05  	
2792  	-0.000327947  	1.496085E-05  	
2792.5  	-0.000408115  	9.89444E-06  	
2793  	-0.000516121  	5.78168E-06  	
2793.5  	-0.000633005  	1.317271E-05  	
2794  	-0.000736955  	1.853717E-05  	
2794.5  	-0.0008086  	2.41996E-05  	
2795  	-0.0008629  	2.765676E-05  	
2795.5  	-0.000896994  	1.251708E-05  	
2796  	-0.000919047  	7.56983E-06  	
2796.5  	-0.000930253  	1.96698E-06  	
2797  	-0.000920716  	9.11959E-06  	
2797.5  	-0.000895981  	9.4772E-06  	
2798  	-0.000870887  	1.931202E-05  	
2798.5  	-0.000826362  	1.31131E-05  	
2799  	-0.000745241  	1.239783E-05  	
2799.5  	-0.000637475  	3.69551E-06  	
2800  	-0.000527743  	2.80145E-06  	
2800.5  	-0.000429334  	2.92064E-06  	
2801  	-0.000348332  	3.874328E-06  	
2801.5  	-0.000275077  	7.33141E-06  	
2802  	-0.000238599  	5.66247E-06  	
2802.5  	-0.0001968747  	1.752388E-05  	
2803  	-0.0001736889  	2.801434E-06  	
2803.5  	-0.0001457939  	2.086175E-06  	
2804  	-0.0001181369  	1.269585E-05  	
2804.5  	-0.0001023416  	5.36445E-06  	
2805  	-0.0001000171  	1.430518E-06  	
2805.5  	-9.07187E-05  	-1.72855E-06  	
2806  	-7.23008E-05  	-2.38419E-06  	
2806.5  	-6.51482E-05  	1.90736E-06  	
2807  	-5.20351E-05  	-1.54973E-06  	
2807.5  	-4.60747E-05  	1.043087E-05  	
2808  	-2.59282E-05  	5.36445E-06  	
2808.5  	-2.133854E-05  	-1.1921E-05  	
2809  	-3.67763E-05  	9.5368E-07  	
2809.5  	-3.61802E-05  	2.3842E-06  	
2810  	-2.66434E-05  	2.62263E-06  	
2810.5  	-2.57494E-05  	-8.10628E-06  	
2811  	-2.60473E-05  	2.682222E-06  	
2811.5  	-2.71799E-05  	5.96051E-06  	
2812  	-1.54973E-05  	2.98026E-06  	
2812.5  	-1.597416E-05  	-1.382833E-05  	
2813  	-2.59878E-05  	-9.47718E-06  	
2813.5  	-3.16502E-05  	5.48366E-06  	
2814  	-1.871599E-05  	4.94721E-06  	
2814.5  	-1.925243E-05  	-7.86788E-06  	
2815  	-1.829874E-05  	-5.72208E-06  	
2815.5  	-1.311311E-05  	2.384195E-06  	
2816  	-2.008688E-05  	-1.263628E-05  	
2816.5  	-2.28883E-05  	1.19209E-06  	
2817  	-2.503412E-05  	5.9604E-07  	
2817.5  	-2.28287E-05  	7.92748E-06  	
2818  	-2.99217E-05  	3.39748E-06  	
2818.5  	-2.16962E-05  	6.675755E-06  	
2819  	-2.94448E-05  	1.239785E-05  	
2819.5  	-3.99353E-05  	1.132496E-05  	
2820  	-3.36172E-05  	5.9605E-06  	
2820.5  	-2.95045E-05  	-1.13249E-06  	
2821  	-4.61938E-05  	7.45063E-06  	
2821.5  	-5.76976E-05  	8.52352E-06  	
2822  	-6.4433E-05  	1.275545E-05  	
2822.5  	-6.18104E-05  	2.3842E-07  	
2823  	-7.12877E-05  	3.09947E-06  	
2823.5  	-7.14664E-05  	1.817945E-05  	
2824  	-8.148E-05  	3.5763E-07  	
2824.5  	-0.000105441  	1.704701E-05  	
2825  	-0.0001177196  	9.5964E-06  	
2825.5  	-0.000144423  	3.27829E-06  	
2826  	-0.0001651058  	3.874321E-06  	
2826.5  	-0.000200869  	2.485534E-05  	
2827  	-0.000222028  	3.18887E-05  	
2827.5  	-0.000255169  	2.843155E-05  	
2828  	-0.000309111  	1.496083E-05  	
2828.5  	-0.000365199  	1.525888E-05  	
2829  	-0.000427427  	5.12599E-06  	
2829.5  	-0.00052375  	6.437325E-06  	
2830  	-0.000633124  	5.30485E-06  	
2830.5  	-0.000747148  	1.07288E-06  	
2831  	-0.000900154  	9.83481E-06  	
2831.5  	-0.001048275  	6.616152E-06  	
2832  	-0.001176663  	-1.3113E-06  	
2832.5  	-0.001251228  	-1.5735673E-05  	
2833  	-0.001292832  	-2.145777E-05  	
2833.5  	-0.001303144  	-9.775223E-06  	
2834  	-0.001312502  	-1.0132818E-05  	
2834.5  	-0.001300104  	-2.044455E-05  	
2835  	-0.001251109  	-2.855073E-05  	
2835.5  	-0.001201339  	-1.549729E-05  	
2836  	-0.001144834  	-7.56983E-06  	
2836.5  	-0.001045175  	-1.978879E-05  	
2837  	-0.000907604  	-2.276908E-05  	
2837.5  	-0.000753049  	-1.6808655E-05  	
2838  	-0.000599805  	-1.108654E-05  	
2838.5  	-0.000479582  	-2.920649E-06  	
2839  	-0.000393989  	4.41079E-06  	
2839.5  	-0.000314894  	-8.34465E-07  	
2840  	-0.000264169  	-7.09299E-06  	
2840.5  	-0.000223996  	3.6359E-06  	
2841  	-0.0001957426  	1.09076949E-05  	
2841.5  	-0.0001587877  	-4.1723E-07  	
2842  	-0.0001403102  	1.966961E-06  	
2842.5  	-0.0001369128  	-3.576299E-06  	
2843  	-0.0001225479  	-2.38419E-06  	
2843.5  	-0.0001019244  	1.221902E-05  	
2844  	-9.17916E-05  	1.376874E-05  	
2844.5  	-8.4043E-05  	2.92064E-06  	
2845  	-6.91419E-05  	4.17235E-06  	
2845.5  	-5.61478E-05  	-1.54974E-06  	
2846  	-3.8922E-05  	-3.03984E-06  	
2846.5  	-3.54054E-05  	-1.0371264E-05  	
2847  	-2.33055E-05  	-2.56302E-06  	
2847.5  	-2.628582E-05  	7.450611E-06  	
2848  	-2.91469E-05  	7.450636E-06  	
2848.5  	-3.31404E-05  	5.36444E-07  	
2849  	-2.65838E-05  	-5.96E-08  	
2849.5  	-1.9014E-05  	4.29156E-06  	
2850  	-2.40804E-05  	7.98707E-06  	
2850.5  	-2.68222E-05  	-4.7683E-07  	
2851  	-2.83719E-05  	-1.8477549E-06  	
2851.5  	-2.414E-05  	7.92745E-06  	
2852  	-1.513968E-05  	1.096732E-05  	
2852.5  	-2.175579E-05  	6.97377E-06  	
2853  	-3.12926E-05  	7.80825E-06  	
2853.5  	-4.00545E-05  	5.185639E-06  	
2854  	-4.82204E-05  	6.794965E-06  	
2854.5  	-3.53458E-05  	1.1921E-07  	
2855  	-3.26039E-05  	2.682225E-06  	
2855.5  	-4.71475E-05  	1.025207E-05  	
2856  	-5.86514E-05  	1.162297E-05  	
2856.5  	-7.33142E-05  	6.85459E-06  	
2857  	-8.41622E-05  	1.150379E-05  	
2857.5  	-9.40566E-05  	5.60286E-06  	
2858  	-0.0001049643  	7.1526E-07  	
2858.5  	-0.000114799  	-3.278276E-06  	
2859  	-0.0001238591  	3.75512E-06  	
2859.5  	-0.0001274354  	-1.19209999999999E-07  	
2860  	-0.0001520524  	7.629429E-06  	
2860.5  	-0.0001744638  	1.2219E-05  	
2861  	-0.0001997961  	1.066929E-05  	
2861.5  	-0.000211478  	1.508006E-05  	
2862  	-0.000236035  	7.80825E-06  	
2862.5  	-0.000243665  	4.23195E-06  	
2863  	-0.000256361  	1.651058E-05  	
2863.5  	-0.000274839  	8.64273E-06  	
2864  	-0.000275077  	4.29155E-06  	
2864.5  	-0.000280263  	1.77623E-05  	
2865  	-0.000258149  	2.56301E-05  	
2865.5  	-0.000259282  	1.543771E-05  	
2866  	-0.000232698  	1.54377E-05  	
2866.5  	-0.000211597  	2.38418E-06  	
2867  	-0.0001961597  	-6.258525E-06  	
2867.5  	-0.000169755  	2.682223E-06  	
2868  	-0.0001404294  	3.33788E-06  	
2868.5  	-0.0001111631  	1.037126E-05  	
2869  	-8.80961E-05  	1.049047E-05  	
2869.5  	-4.93528E-05  	7.62943E-06  	
2870  	-5.65651E-05  	-8.8811449E-06  	
2870.5  	-4.75647E-05  	1.01328E-06  	
2871  	-9.89445E-06  	-5.72209E-06  	
2871.5  	-1.680859E-05  	5.66247E-06  	
2872  	-2.73587E-05  	3.93392E-06  	
2872.5  	-4.17235E-05  	2.861035E-06  	
2873  	-3.40344E-05  	1.573572E-05  	
2873.5  	-2.497451E-05  	1.007323E-05  	
2874  	-4.96509E-05  	-1.192E-07  	
2874.5  	-7.29566E-05  	-2.56302E-06  	
2875  	-8.22548E-05  	4.7684051E-06  	
2875.5  	-0.0001073484  	1.347073E-05  	
2876  	-0.0001227862  	4.828011E-06  	
2876.5  	-0.0001444825  	5.00682E-06  	
2877  	-0.0001621256  	5.72207E-06  	
2877.5  	-0.0001813182  	1.031161E-05  	
2878  	-0.0001997953  	6.67575E-06  	
2878.5  	-0.000205518  	1.186138E-05  	
2879  	-0.000208915  	9.5369E-07  	
2879.5  	-0.0001920474  	1.049049E-05  	
2880  	-0.000192882  	1.370915E-05  	
2880.5  	-0.0001821527  	0  	
2881  	-0.0001609335  	1.144416E-05  	
2881.5  	-0.000154377  	1.847755E-05  	
2882  	-0.0001391777  	1.585492E-05  	
2882.5  	-0.0001146205  	9.2388E-06  	
2883  	-0.0001107459  	-4.05313E-06  	
2883.5  	-0.0001057988  	-3.93392E-06  	
2884  	-8.65464E-05  	3.27827E-06  	
2884.5  	-6.82477E-05  	0  	
2885  	-6.35389E-05  	1.84776E-06  	
2885.5  	-4.80416E-05  	5.96047E-07  	
2886  	-4.98297E-05  	2.92064E-06  	
2886.5  	-4.86972E-05  	-1.19211E-06  	
2887  	-4.44057E-05  	-5.84129E-06  	
2887.5  	-3.69551E-05  	1.007324E-05  	
2888  	-3.5763E-05  	6.675754E-06  	
2888.5  	-2.682226E-05  	2.44379E-06  	
2889  	-2.8372E-05  	-3.516706E-06  	
2889.5  	-3.61802E-05  	-8.34471E-06  	
2890  	-3.39748E-05  	-4.76840000000001E-07  	
2890.5  	-2.050414E-05  	6.37774E-06  	
2891  	-2.65242E-05  	6.19893E-06  	
2891.5  	-3.2306E-05  	4.947216E-06  	
2892  	-3.70147E-05  	3.33788E-06  	
2892.5  	-3.55246E-05  	4.94721E-06  	
2893  	-2.8372E-05  	3.15906E-06  	
2893.5  	-3.14119E-05  	-2.80143E-06  	
2894  	-3.57033E-05  	-1.2517E-06  	
2894.5  	-2.69414E-05  	2.20538E-06  	
2895  	-2.74183E-05  	9.59639E-06  	
2895.5  	-2.217306E-05  	2.288828E-05  	
2896  	-3.78492E-05  	1.1086569E-05  	
2896.5  	-4.71475E-05  	-2.38418E-07  	
2897  	-5.93666E-05  	-5.960501E-06  	
2897.5  	-6.64597E-05  	-8.940755E-06  	
2898  	-5.53731E-05  	-1.078849E-05  	
2898.5  	-7.93939E-05  	-7.33141E-06  	
2899  	-9.4891E-05  	5.72208E-06  	
2899.5  	-0.0001172428  	6.07972E-06  	
2900  	-0.0001394758  	7.927455E-06  	
2900.5  	-0.0001373896  	8.70234E-06  	
2901  	-0.0001763114  	1.055008E-05  	
2901.5  	-0.0002062922  	-4.053139E-06  	
2902  	-0.000244499  	-2.98026E-07  	
2902.5  	-0.00028825  	8.04667E-06  	
2903  	-0.000348093  	9.65602E-06  	
2903.5  	-0.000446202  	5.48366E-06  	
2904  	-0.000560407  	-1.78814E-06  	
2904.5  	-0.000682953  	-1.4662764E-05  	
2905  	-0.000823859  	-1.0669315E-05  	
2905.5  	-0.00093681  	-6.25853E-06  	
2906  	-0.001006847  	-1.3947525E-05  	
2906.5  	-0.001053281  	-1.221903E-05  	
2907  	-0.001093097  	-1.484162E-05  	
2907.5  	-0.001114436  	-1.4126345E-05  	
2908  	-0.001106448  	-1.31131E-05  	
2908.5  	-0.001083084  	-5.24523E-06  	
2909  	-0.001072295  	-1.42456E-05  	
2909.5  	-0.001030392  	-3.75512E-06  	
2910  	-0.000941638  	-8.7619E-06  	
2910.5  	-0.000835184  	0  	
2911  	-0.000699166  	2.32459E-06  	
2911.5  	-0.000579838  	-3.099455E-06  	
2912  	-0.000472607  	5.006816E-06  	
2912.5  	-0.000391366  	1.347068E-05  	
2913  	-0.000323118  	1.841795E-05  	
2913.5  	-0.000264051  	1.347072E-05  	
2914  	-0.000227631  	1.358992E-05  	
2914.5  	-0.0001977689  	1.198062E-05  	
2915  	-0.0001769672  	2.80143E-06  	
2915.5  	-0.0001575956  	5.66247E-06  	
2916  	-0.0001298792  	1.645098E-05  	
2916.5  	-0.0001102094  	4.7684E-07  	
2917  	-8.39238E-05  	-3.75512E-06  	
2917.5  	-6.84266E-05  	1.013285E-06  	
2918  	-6.66981E-05  	3.5763E-07  	
2918.5  	-5.62076E-05  	1.412639E-05  	
2919  	-5.48962E-05  	1.66298E-05  	
2919.5  	-5.40617E-05  	8.165865E-06  	
2920  	-3.61207E-05  	1.72855E-06  	
2920.5  	-2.8074E-05  	-1.1921E-06  	
2921  	-2.378233E-05  	4.64919E-06  	
2921.5  	-3.21271E-05  	6.55654E-06  	
2922  	-2.408046E-05  	4.58958E-06  	
2922.5  	-2.70607E-05  	-1.1503766E-05  	
2923  	-2.34844E-05  	1.66894E-06  	
2923.5  	-2.032531E-05  	7.629455E-06  	
2924  	-2.336517E-05  	1.7881E-07  	
2924.5  	-1.025206E-05  	2.682231E-06  	
2925  	-1.490125E-05  	-9.17918E-06  	
2925.5  	-1.132496E-05  	-3.45708E-06  	
2926  	-1.275548E-05  	3.87431E-06  	
2926.5  	-2.241148E-05  	-2.920639E-06  	
2927  	-1.871597E-05  	-6.37775E-06  	
2927.5  	-1.364955E-05  	8.34469E-06  	
2928  	-2.336517E-05  	-3.93393E-06  	
2928.5  	-2.926602E-05  	-4.88761E-06  	
2929  	-2.33651E-05  	-2.682219E-06  	
2929.5  	-3.52862E-05  	3.039855E-06  	
2930  	-3.1829E-05  	1.072897E-06  	
2930.5  	-3.05177E-05  	-6.5565E-07  	
2931  	-3.92201E-05  	3.874315E-06  	
2931.5  	-3.62994E-05  	7.1526E-07  	
2932  	-5.19754E-05  	-1.25169E-06  	
2932.5  	-7.3314E-05  	7.09299E-06  	
2933  	-8.48775E-05  	1.1146182E-05  	
2933.5  	-0.000104249  	1.746418E-05  	
2934  	-0.0001093154  	4.7686E-07  	
2934.5  	-0.0001095538  	9.775232E-06  	
2935  	-0.0001466283  	2.02061E-05  	
2935.5  	-0.0001734504  	1.120573E-05  	
2936  	-0.000216366  	1.484164E-05  	
2936.5  	-0.000263097  	2.205381E-06  	
2937  	-0.000321688  	-4.47037E-06  	
2937.5  	-0.000397803  	1.96697E-05  	
2938  	-0.00048125  	3.153101E-05  	
2938.5  	-0.000569765  	2.414008E-05  	
2939  	-0.000605229  	1.865637E-05  	
2939.5  	-0.000629429  	1.466287E-05  	
2940  	-0.000652257  	1.358992E-05  	
2940.5  	-0.000673774  	2.068288E-05  	
2941  	-0.000664715  	1.305348E-05  	
2941.5  	-0.000646297  	1.817954E-05  	
2942  	-0.000622992  	2.014646E-05  	
2942.5  	-0.000610295  	1.63318E-05  	
2943  	-0.000563625  	1.698741E-05  	
2943.5  	-0.000494901  	1.525891E-05  	
2944  	-0.00042093  	1.567614E-05  	
2944.5  	-0.000348212  	7.27181E-06  	
2945  	-0.000282289  	9.47719E-06  	
2945.5  	-0.000221492  	1.126533E-05  	
2946  	-0.0001764903  	1.478203E-05  	
2946.5  	-0.0001445422  	3.69551E-06  	
2947  	-0.0001131303  	1.645097E-05  	
2947.5  	-9.656E-05  	1.531848E-05  	
2948  	-8.46391E-05  	1.841795E-05  	
2948.5  	-6.90226E-05  	-5.12603E-06  	
2949  	-7.3493E-05  	-5.543261E-06  	
2949.5  	-6.96186E-05  	5.84129E-06  	
2950  	-5.26312E-05  	1.525891E-05  	
2950.5  	-4.30348E-05  	7.74865E-06  	
2951  	-3.43325E-05  	2.26499E-06  	
2951.5  	-3.44517E-05  	-2.50341E-06  	
2952  	-3.04581E-05  	-2.443799E-06  	
2952.5  	-1.519923E-05  	8.7023E-06  	
2953  	-7.569825E-06  	3.93394E-06  	
2953.5  	-3.0994E-06  	8.04666E-06  	
2954  	-9.417599E-06  	1.508009E-05  	
2954.5  	-3.02198E-05  	1.4186E-05  	
2955  	-1.770262E-05  	8.04666E-06  	
2955.5  	-9.000364E-06  	7.98707E-06  	
2956  	4.76841E-06  	1.311306E-05  	
2956.5  	-1.007326E-05  	-2.38426E-07  	
2957  	-1.502046E-05  	-5.7817E-06  	
2957.5  	-1.025206E-05  	-5.3645E-07  	
2958  	-1.561651E-05  	4.7684E-07  	
2958.5  	-5.36444E-06  	-2.086169E-06  	
2959  	5.12601E-06  	-3.337881E-06  	
2959.5  	-1.19806E-05  	3.69551E-06  	
2960  	-8.82153E-06  	1.436478E-05  	
2960.5  	-7.56984E-06  	-3.87433E-06  	
2961  	-5.2452351E-06  	-5.3644E-07  	
2961.5  	1.72854E-06  	-3.81472E-06  	
2962  	-6.31812E-06  	4.29155E-06  	
2962.5  	-4.35116E-06  	3.27827E-06  	
2963  	-1.847755E-06  	7.56985E-06  	
2963.5  	-1.66894E-06  	7.03339E-06  	
2964  	-7.51023E-06  	3.51669E-06  	
2964.5  	-6.61614E-06  	-4.828E-06  	
2965  	-8.1658949E-06  	-4.47036E-06  	
2965.5  	-2.157701E-05  	-1.49012E-06  	
2966  	-1.639134E-05  	-6.31812E-06  	
2966.5  	-2.396115E-05  	-2.3841E-07  	
2967  	-1.502046E-05  	3.69551E-06  	
2967.5  	-2.372277E-05  	-3.63591E-06  	
2968  	-1.490125E-05  	8.64272E-06  	
2968.5  	-1.513967E-05  	-1.8477551E-06  	
2969  	-1.794109E-05  	1.60933E-06  	
2969.5  	-2.92065E-05  	7.92746E-06  	
2970  	-3.8028E-05  	6.73538E-06  	
2970.5  	-4.20214E-05  	-3.87433E-06  	
2971  	-4.44653E-05  	9.53669999999999E-07  	
2971.5  	-4.72667E-05  	2.032529E-05  	
2972  	-4.95913E-05  	-4.70879E-06  	
2972.5  	-5.83533E-05  	1.436483E-05  	
2973  	-7.48639E-05  	3.12926E-05  	
2973.5  	-9.54275E-05  	6.49695E-06  	
2974  	-0.0001287467  	-1.66896E-06  	
2974.5  	-0.0001455554  	1.180181E-05  	
2975  	-0.0001668343  	1.5258834E-05  	
2975.5  	-0.0001889477  	2.17558E-05  	
2976  	-0.0002030142  	2.384201E-05  	
2976.5  	-0.000230493  	3.53457E-05  	
2977  	-0.000232102  	3.09945E-05  	
2977.5  	-0.000242056  	4.5419E-05  	
2978  	-0.000238121  	2.396115E-05  	
2978.5  	-0.000233115  	1.513966E-05  	
2979  	-0.00023389  	2.14578E-05  	
2979.5  	-0.000231446  	6.43732E-06  	
2980  	-0.000211299  	8.761944E-06  	
2980.5  	-0.0001845369  	1.37687051E-05  	
2981  	-0.0001640925  	1.800072E-05  	
2981.5  	-0.0001439461  	2.044452E-05  	
2982  	-0.0001184351  	1.680859E-05  	
2982.5  	-9.72753E-05  	1.275547E-05  	
2983  	-8.41622E-05  	1.037127E-05  	
2983.5  	-7.92746E-05  	5.90088E-06  	
2984  	-6.77112E-05  	1.31131E-05  	
2984.5  	-5.6267E-05  	1.621255E-05  	
2985  	-3.47497E-05  	1.591453E-05  	
2985.5  	-3.77896E-05  	8.76195E-06  	
2986  	-2.157698E-05  	8.04667E-06  	
2986.5  	-2.36631E-05  	8.106278E-06  	
2987  	-2.640502E-05  	3.27827E-06  	
2987.5  	-1.752386E-05  	1.609334E-05  	
2988  	-1.072891E-05  	8.34475E-07  	
2988.5  	-1.734507E-05  	6.02011E-06  	
2989  	-7.56984E-06  	-5.36444E-06  	
2989.5  	4.7684E-07  	-1.43051E-06  	
2990  	-7.80825E-06  	-6.37773E-06  	
2990.5  	-2.324589E-06  	-6.61616E-06  	
2991  	-5.54326E-06  	-7.689035E-06  	
2991.5  	-7.331429E-06  	1.43051E-06  	
2992  	-6.55655E-06  	-1.8477549E-06  	
2992.5  	-7.748635E-06  	2.08616E-06  	
2993  	-4.64919E-06  	1.031165E-05  	
2993.5  	4.58959E-06  	1.043085E-05  	
2994  	-2.02655E-06  	1.490125E-05  	
2994.5  	-1.29939E-05  	6.49693E-06  	
2995  	-1.633178E-05  	1.609331E-06  	
2995.5  	1.60932E-06  	-1.537809E-05  	
2996  	1.66894E-06  	-8.046661E-06  	
2996.5  	-1.5735715E-05  	1.215941E-05  	
2997  	-2.038487E-05  	-2.98027E-07  	
2997.5  	-9.59639E-06  	-1.055009E-05  	
2998  	-1.347071E-05  	-1.090771E-05  	
2998.5  	-1.6451E-05  	-3.5763E-07  	
2999  	-1.299387E-05  	-1.96697E-06  	
2999.5  	2.98019999999999E-07  	3.81472E-06  	
3000  	-3.09947E-06  	-9.29836E-06  	
3000.5  	7.1526E-06  	1.370915E-06  	
3001  	-5.24524E-06  	-6.67577E-06  	
3001.5  	-5.78168E-06  	-2.80144E-06  	
3002  	1.29939E-05  	-9.00036E-06  	
3002.5  	-1.1921E-07  	1.370914E-06  	
3003  	-1.4305169E-05  	7.68906E-06  	
3003.5  	-9.83486E-06  	8.94075E-07  	
3004  	-1.192099E-05  	-3.09945E-06  	
3004.5  	-6.13933E-06  	6.31814E-06  	
3005  	3.33794E-06  	1.4782E-05  	
3005.5  	-1.251703E-05  	2.044445E-05  	
3006  	-1.204019E-05  	2.139817E-05  	
3006.5  	-2.14578E-06  	3.09945E-06  	
3007  	-9.4772E-06  	-1.370915E-05  	
3007.5  	-1.233825E-05  	-1.430521E-05  	
3008  	-1.037125E-05  	-5.9604E-07  	
3008.5  	-1.722587E-05  	2.74183E-06  	
3009  	-1.43648E-05  	2.384205E-06  	
3009.5  	-6.25853E-06  	7.09303E-06  	
3010  	2.56303E-06  	2.74184E-06  	
